260
261
262
263
264
265
266
267
268
269
270
271
272
273
284
285
286
287
288
289
290
291
302
303
304
305
306
307
308
309
310
311
312
313
314
315
324
325
326
327
328
329
330
331
332
333
334
335
336
337
348
349
350
351
352
353
354
355
366
367
368
369
370
371
372
373
374
375
376
377
378
379
388
389
390
391
392
393
394
395
396
397
398
399
400
401
412
413
414
415
416
417
418
419
430
431
432
433
434
435
436
437
438
439
440
441
442
443
452
453
454
455
456
457
458
459
460
461
462
463
464
465
476
477
478
479
480
481
482
483
494
495
496
497
498
499
500
501
502
503
504
505
506
507
516
517
518
519
520
521
522
523
524
525
526
527
528
529
540
541
542
543
544
545
546
547
558
559
560
561
562
563
564
565
566
567
568
569
570
571
580
581
582
583
584
585
586
587
588
589
590
591
592
593
604
605
606
607
608
609
610
611
622
623
624
625
626
627
628
629
630
631
632
633
634
635
644
645
646
647
648
649
694
695
696
697
698
699
708
709
710
711
712
713
758
759
760
761
762
763
772
773
774
775
776
777
822
823
824
825
826
827
836
837
838
839
840
841
886
887
888
889
890
891
900
901
902
903
904
905
924
925
926
927
928
929
930
931
950
951
952
953
954
955
964
965
966
967
968
969
988
989
990
991
992
993
994
995
1014
1015
1016
1017
1018
1019
1028
1029
1030
1031
1032
1033
1052
1053
1054
1055
1056
1057
1058
1059
1078
1079
1080
1081
1082
1083
1092
1093
1094
1095
1096
1097
1116
1117
1118
1119
1120
1121
1122
1123
1142
1143
1144
1145
1146
1147
1436
1437
1438
1439
1440
1441
1442
1443
1500
1501
1502
1503
1504
1505
1506
1507
1564
1565
1566
1567
1568
1569
1570
1571
1628
1629
1630
1631
1632
1633
1634
1635
1692
1693
1694
1695
1696
1697
1698
1699
1756
1757
1758
1759
1760
1761
1762
1763
1796
1797
1798
1799
1800
1801
1806
1807
1808
1809
1814
1815
1816
1817
1818
1819
1828
1829
1830
1831
1832
1833
1838
1839
1840
1841
1846
1847
1848
1849
1850
1851
1860
1861
1862
1863
1864
1865
1870
1871
1872
1873
1878
1879
1880
1881
1882
1883
1892
1893
1894
1895
1896
1897
1902
1903
1904
1905
1910
1911
1912
1913
1914
1915
1924
1925
1926
1927
1928
1929
1934
1935
1936
1937
1942
1943
1944
1945
1946
1947
1956
1957
1958
1959
1960
1961
1966
1967
1968
1969
1974
1975
1976
1977
1978
1979
1988
1989
1990
1991
1992
1993
1998
1999
2000
2001
2006
2007
2008
2009
2010
2011
2020
2021
2022
2023
2024
2025
2030
2031
2032
2033
2038
2039
2040
2041
2042
2043
2052
2053
2054
2055
2056
2057
2062
2063
2064
2065
2070
2071
2072
2073
2074
2075
2084
2085
2086
2087
2088
2089
2094
2095
2096
2097
2102
2103
2104
2105
2106
2107
2116
2117
2118
2119
2120
2121
2126
2127
2128
2129
2134
2135
2136
2137
2138
2139
2148
2149
2150
2151
2152
2153
2158
2159
2160
2161
2166
2167
2168
2169
2170
2171
2180
2181
2182
2183
2184
2185
2190
2191
2192
2193
2198
2199
2200
2201
2202
2203
2212
2213
2214
2215
2216
2217
2222
2223
2224
2225
2230
2231
2232
2233
2234
2235
2244
2245
2246
2247
2248
2249
2254
2255
2256
2257
2262
2263
2264
2265
2266
2267
2276
2277
2278
2279
2280
2281
2286
2287
2288
2289
2294
2295
2296
2297
2298
2299
2332
2333
2334
2335
2336
2337
2338
2339
2396
2397
2398
2399
2400
2401
2402
2403
2460
2461
2462
2463
2464
2465
2466
2467
2524
2525
2526
2527
2528
2529
2530
2531
2588
2589
2590
2591
2592
2593
2594
2595
2652
2653
2654
2655
2656
2657
2658
2659
2948
2949
2950
2951
2952
2953
2972
2973
2974
2975
2976
2977
2978
2979
2998
2999
3000
3001
3002
3003
3012
3013
3014
3015
3016
3017
3036
3037
3038
3039
3040
3041
3042
3043
3062
3063
3064
3065
3066
3067
3076
3077
3078
3079
3080
3081
3100
3101
3102
3103
3104
3105
3106
3107
3126
3127
3128
3129
3130
3131
3140
3141
3142
3143
3144
3145
3164
3165
3166
3167
3168
3169
3170
3171
3190
3191
3192
3193
3194
3195
3204
3205
3206
3207
3208
3209
3254
3255
3256
3257
3258
3259
3268
3269
3270
3271
3272
3273
3318
3319
3320
3321
3322
3323
3332
3333
3334
3335
3336
3337
3382
3383
3384
3385
3386
3387
3396
3397
3398
3399
3400
3401
3446
3447
3448
3449
3450
3451
3460
3461
3462
3463
3464
3465
3466
3467
3468
3469
3470
3471
3472
3473
3484
3485
3486
3487
3488
3489
3490
3491
3502
3503
3504
3505
3506
3507
3508
3509
3510
3511
3512
3513
3514
3515
3524
3525
3526
3527
3528
3529
3530
3531
3532
3533
3534
3535
3536
3537
3548
3549
3550
3551
3552
3553
3554
3555
3566
3567
3568
3569
3570
3571
3572
3573
3574
3575
3576
3577
3578
3579
3588
3589
3590
3591
3592
3593
3594
3595
3596
3597
3598
3599
3600
3601
3612
3613
3614
3615
3616
3617
3618
3619
3630
3631
3632
3633
3634
3635
3636
3637
3638
3639
3640
3641
3642
3643
3652
3653
3654
3655
3656
3657
3658
3659
3660
3661
3662
3663
3664
3665
3676
3677
3678
3679
3680
3681
3682
3683
3694
3695
3696
3697
3698
3699
3700
3701
3702
3703
3704
3705
3706
3707
3716
3717
3718
3719
3720
3721
3722
3723
3724
3725
3726
3727
3728
3729
3740
3741
3742
3743
3744
3745
3746
3747
3758
3759
3760
3761
3762
3763
3764
3765
3766
3767
3768
3769
3770
3771
3780
3781
3782
3783
3784
3785
3786
3787
3788
3789
3790
3791
3792
3793
3804
3805
3806
3807
3808
3809
3810
3811
3822
3823
3824
3825
3826
3827
3828
3829
3830
3831
3832
3833
3834
3835